2750921 
3218729 
7789129 
9164211 
6540316 
6195007 
1701354 
6439203 
5006275 
1959962 
6829850 
4940311 
1740569 
9009543 
8255861 
1437223 
9587609 
9287813 
1371329 
8189283 
6137084 
9393770 
6461962 
591172 
6659125 
8138567 
7401851 
4966253 
4610642 
6158187 
4873849 
1090545 
5862106 
3693503 
2734674 
8080754 
1436554 
718837 
623569 
5235735 
208810 
2571268 
242494 
3245086 
8077456 
1396513 
1343118 
4711353 
2530374 
4384315 
6892836 
4453855 
7942458 
3193516 
2518293 
6626124 
100340 
6571537 
8852978 
3915406 
9363633 
1014472 
4338424 
6361389 
1593034 
4254389 
3634908 
5655043 
5747919 
4535255 
9914677 
8028829 
5995036 
497661 
2523445 
1095495 
2869376 
1753105 
2511275 
2797515 
6486113 
1665330 
6051714 
235572 
6574578 
8597446 
3612097 
3846428 
2788637 
449683 
7554825 
8369880 
502537 
5841721 
2340705 
9848113 
8415402 
6252749 
7233500 
3206777 
8860907 
1381032 
4118997 
1039839 
8459706 
8743573 
5716638 
3627288 
4185332 
7997029 
9540291 
9267197 
9006818 
9727699 
914917 
1706407 
7340032 
2885112 
4147446 
2074459 
9114375 
9152102 
7141226 
914676 
8254723 
663192 
5817456 
2992245 
7723883 
6885391 
9585279 
98809 
9558869 
9780252 
9954943 
7417779 
8380692 
2044030 
2953519 
2117487 
4885541 
1966933 
2710840 
1225154 
3237991 
5560751 
6160389 
646380 
181644 
4770113 
7999162 
9257644 
5729744 
5278414 
4724315 
2827485 
4245368 
8872955 
4664926 
6410588 
8517217 
10769 
1194976 
9274282 
4292320 
4905342 
519431 
315538 
3551938 
7455832 
3795852 
8527679 
9704739 
3993308 
9911100 
849147 
3503949 
7177126 
1137832 
4168831 
1599461 
3640328 
4311995 
960440 
2905673 
7058996 
2520922 
4328771 
9928615 
5651564 
5402357 
5207210 
7725238 
9127055 
594203 
9261663 
1561632 
1580094 
135837 
8948893 
9116962 
2028575 
6066227 
604648 
2205734 
5687001 
6768121 
7260778 
5480171 
6768771 
3378508 
9871669 
6524932 
9959764 
4061674 
9952484 
1583604 
624519 
4093752 
4658125 
3071098 
7902351 
4850243 
8528511 
9889153 
3248627 
8152242 
8985110 
1169806 
8945128 
3645105 
5342743 
8876810 
4230794 
5335176 
9624508 
8273222 
5597269 
865468 
6546197 
3533785 
224402 
9399553 
1708667 
7957410 
9289879 
6429872 
5578724 
7514081 
8325100 
6491191 
5240591 
9847668 
619659 
86102 
9110962 
3976678 
3063603 
3132463 
202170 
8714338 
5290197 
8118569 
3523377 
3882061 
2934095 
6053523 
6244013 
2563156 
4035423 
2694861 
8091279 
9949196 
7812620 
3885367 
7238719 
1814954 
7614546 
873988 
9001873 
3864108 
5242376 
6575586 
4848961 
7868695 
9349074 
7628813 
9643555 
4915887 
256439 
6940693 
3086546 
4168702 
6535263 
8060377 
618004 
3219011 
3603135 
6406031 
4332549 
8190447 
8515850 
5118884 
9441730 
4231301 
6951333 
7396174 
852121 
1366241 
436786 
9840412 
6020923 
6642039 
7689108 
1551484 
2684363 
1143201 
2001501 
3433657 
8716998 
6099928 
298114 
9288793 
8725317 
6537876 
7773496 
2348179 
1397730 
1630311 
6679360 
7157341 
5836867 
5230885 
782439 
2090383 
5631623 
9599439 
8692424 
2857858 
6312963 
8792459 
3892447 
8868561 
8054543 
8007322 
7876001 
5196757 
9616112 
7905214 
2006933 
7984429 
5810648 
2096073 
6222759 
6221946 
5890928 
1742401 
249656 
1338134 
2514571 
2733981 
6531379 
4163203 
6974113 
7117532 
5020945 
1998550 
9990336 
4931874 
6967252 
3877890 
5309655 
3491197 
6654753 
5380973 
630582 
2625526 
1138559 
5512000 
4427710 
5115058 
873607 
9732428 
9526179 
8513779 
2533518 
9490429 
6697360 
1662705 
9797003 
4538431 
4844502 
5532752 
5039480 
722233 
9333056 
8143585 
1424554 
2403234 
5579030 
1900532 
7213603 
6358139 
8610409 
7669430 
9410890 
5112586 
6572562 
5596095 
7497617 
6213503 
9589040 
272738 
4518483 
6651509 
9895013 
6303818 
8949938 
5727093 
3194861 
5672451 
7989459 
5643399 
3897149 
732536 
3761018 
6291011 
4265802 
3191005 
2020609 
9804546 
5605484 
4328215 
7861368 
475057 
5528652 
7281429 
6671048 
3351775 
8734292 
3076814 
5033504 
8797319 
9636868 
226657 
5419510 
5103976 
6816370 
8381431 
3073012 
9188890 
1481062 
7388895 
3036154 
1800740 
5609118 
5087803 
12576 
7487289 
208846 
7840513 
4788085 
5371979 
2222859 
8124080 
8513855 
4629199 
414861 
92319 
8153496 
1093228 
4184002 
790235 
44690 
6242269 
2683913 
2441172 
6531724 
1596463 
1233402 
8897438 
2132540 
6251090 
4424706 
7343101 
324980 
1382067 
2173400 
1503443 
5702175 
4398073 
3148182 
3760873 
7982592 
3331144 
387410 
5713117 
3555882 
7502120 
5211197 
2075409 
7952142 
7860698 
1309368 
5797414 
7610011 
4465586 
6160830 
741899 
8070049 
6923446 
3036277 
4792396 
8645863 
3061719 
5744373 
3165575 
6513684 
6186528 
218135 
4601490 
6235882 
1495334 
696596 
6363890 
3069264 
8116652 
4893943 
1381954 
2053134 
1681140 
3950221 
6879465 
1827412 
4071731 
7596120 
1720993 
1387061 
4728979 
8512932 
6033671 
2922922 
4577554 
507833 
904486 
7743994 
9861289 
349375 
3253175 
9193424 
4084679 
6259213 
4923592 
2230166 
292839 
9889891 
7099022 
8955616 
4625787 
6354848 
9519198 
8455698 
2360459 
8008144 
3508708 
3404135 
6540304 
6420263 
5143978 
4952076 
8712910 
2794399 
5927403 
4922046 
7616333 
9961047 
5085212 
6925422 
5081009 
2285823 
6083969 
7063204 
3830884 
7530406 
9559706 
2767751 
3697361 
2029496 
8490293 
3057513 
114234 
6250336 
4206204 
9546250 
6640859 
9360317 
4857472 
530278 
9578494 
3764454 
4223656 
8063079 
622345 
5388723 
9218801 
7286847 
1764570 
8872581 
2003935 
7227178 
7771621 
5963764 
2932902 
9411546 
182097 
3422961 
9552877 
6077202 
336383 
9305075 
8830845 
5268844 
9785198 
393407 
5200984 
2824728 
6967748 
6736790 
2919910 
8597214 
5583125 
6079262 
4226206 
3134716 
6789803 
9310323 
5368131 
6419031 
9932283 
2845746 
152619 
5199143 
2018243 
4960349 
6664197 
3337241 
7470512 
6877136 
7719466 
73135 
1597976 
7529274 
1773859 
1596191 
306417 
6916450 
4869794 
3863102 
1345793 
3352332 
7193439 
2428130 
4399929 
813485 
8483107 
3328728 
7997035 
2195531 
1063948 
1007745 
5357472 
175481 
6519309 
8149329 
8229256 
8011369 
7777265 
7042010 
5538063 
5429000 
6536579 
8923804 
7020962 
4477078 
6478055 
4137732 
4506455 
4232202 
6797211 
6068073 
5418884 
3917970 
1124969 
109635 
8749300 
9656949 
7687844 
5620748 
9407298 
8488593 
4235079 
9406578 
985373 
8834848 
3872414 
7460242 
7685102 
1917868 
3869764 
589638 
7238547 
8656618 
3516179 
684825 
9929285 
4683279 
4159797 
8756795 
1036481 
5542757 
2985202 
2996196 
1855307 
3291217 
9115177 
1746831 
8841212 
7339439 
4998907 
9772962 
1490597 
9444982 
4067816 
7544239 
4001188 
3667224 
5947129 
7813884 
1500736 
3218569 
4326763 
2178712 
1074516 
9790083 
5665716 
423573 
5827113 
1088907 
2870425 
6466979 
3820156 
5780948 
4530277 
2258774 
9491353 
8265980 
5127447 
2211658 
7841351 
4535190 
2418070 
3570410 
4771459 
6638613 
7174361 
754032 
2485789 
4627309 
275196 
403318 
1011020 
6241280 
9219038 
2689889 
5641144 
2051053 
7846710 
9859603 
2843058 
4659985 
1126768 
7709008 
4739736 
4832610 
859261 
4726734 
4098126 
4242500 
2777954 
4851485 
6701978 
2803727 
5208866 
7441027 
296066 
6888947 
9315705 
9186348 
8461703 
9763439 
851465 
7103516 
2587979 
5587932 
8445776 
6774283 
8468211 
7717305 
5599861 
82912 
9111628 
2427066 
3699556 
4946686 
7224740 
7355978 
8040526 
2048775 
589186 
9842003 
9310766 
7480745 
7154906 
628909 
298807 
1347358 
6178513 
7585167 
8750756 
56099 
7993045 
7767964 
2941399 
2671635 
9901889 
442691 
1040204 
4812387 
8897767 
9676189 
4405556 
904158 
2385952 
8155918 
1268236 
5004156 
4031076 
2578044 
6982727 
8210948 
1521680 
8118403 
9841437 
4685803 
1218210 
1013575 
6032263 
7450113 
8987041 
3003670 
3487024 
9318659 
5981396 
3947716 
7611560 
8852545 
922320 
6197864 
5545294 
5784693 
2763382 
4536813 
4771308 
6013663 
4895599 
7941950 
6254217 
9405530 
6217110 
3428782 
2210426 
2795676 
5057294 
535594 
8162006 
8836586 
6665104 
5795718 
653906 
3050310 
7122695 
5939075 
8155108 
4927043 
6449915 
2472148 
8854198 
6675782 
7073595 
2299910 
1793459 
505268 
7400296 
2709899 
4415311 
3836363 
90844 
1078431 
1231516 
7035762 
5175280 
9759054 
7094413 
8600928 
3285724 
4568079 
2529853 
4749995 
9542046 
5735365 
9619872 
4852694 
5280667 
5577549 
3240018 
7002198 
4636909 
7065101 
7410568 
3837639 
8114546 
4656862 
9022109 
5058911 
1029789 
4432167 
2387076 
3582246 
3709235 
4003308 
9078677 
6005409 
5687353 
1767733 
4691948 
7763133 
3434 
8330109 
1747626 
2644295 
2670860 
2010980 
5403129 
2416846 
8725084 
9973457 
4835866 
8323521 
5644500 
5151064 
2996709 
773753 
6876507 
5603567 
8178226 
6634294 
7446250 
9825467 
8605824 
3453340 
52553 
9874136 
855249 
8060392 
5416340 
7701872 
7407838 
402380 
4717202 
1511050 
3761019 
2801952 
1147949 
9657694 
9521237 
1722891 
6656682 
7387439 
2222435 
9960431 
3360396 
7046503 
6412844 
4565473 
8453791 
1168201 
7642916 
5859485 
9154133 
6893962 
3361049 
1511186 
6530217 
1189495 
7056280 
8112405 
635433 
8239335 
5291112 
9786768 
7263225 
3750883 
2036370 
4530669 
5729369 
7627642 
5287995 
4196669 
3943803 
6967843 
4836447 
617263 
2728101 
3599090 
6394388 
7309044 
3097551 
8903984 
1167085 
3804042 
8069397 
805781 
5285001 
9026921 
4328292 
8153994 
5155966 
6099053 
2906154 
7605659 
401267 
4727913 
2683581 
9184636 
9705851 
2820135 
2685653 
4623937 
3478432 
6937583 
1513742 
211438 
1603750 
7525576 
275804 
3329043 
3431475 
4913876 
677961 
3984114 
4454597 
1296094 
9823663 
6174828 
137654 
3920032 
2904269 
9505523 
5023675 
7478728 
9637271 
2213097 
6022594 
5547833 
3498405 
3583605 
9885580 
7792468 
5134708 
4199467 
3990358 
7625810 
2181664 
7804433 
4752148 
6328459 
4333229 
3481874 
1240727 
3407823 
9885154 
1702591 
6935677 
3667934 
8344485 
682740 
9686817 
3002896 
2579784 
6702403 
8449266 
5456150 
5692456 
1130919 
4060414 
7431331 
9772833 
261977 
5746082 
1756906 
8665607 
8068380 
6166912 
3596292 
3682378 
8582068 
6971174 
7810213 
4498894 
1894077 
9733694 
5578634 
2749905 
4368334 
5701093 
6348450 
4121224 
9740439 
325101 
2384332 
1702157 
6967718 
9092267 
3812234 
9988665 
8507153 
4801274 
9466187 
6255880 
1670011 
499271 
8981587 
3561135 
1527262 
5092796 
4590221 
5786005 
6887667 
7148927 
5135635 
5277432 
7027903 
9505498 
968626 
4705163 
9060767 
9633408 
3088778 
9270770 
3248262 
6387575 
6151218 
7391458 
1177385 
8148780 
1797884 
590028 
9393488 
6958991 
7352048 
3274409 
3865617 
9828730 
8743311 
6364417 
46579 
3644870 
1422981 
7010289 
1758317 
8621175 
449997 
2941260 
9719511 
4117909 
2050246 
7528365 
3945663 
4550860 
9229776 
9027855 
2697656 
7203194 
2461811 
5299664 
5682102 
5288934 
3809498 
3199527 
1405584 
7305844 
6848406 
2476795 
9871134 
2916069 
1533421 
3844823 
357857 
9276390 
9776637 
7051035 
4029220 
7937147 
6959650 
9412144 
9174733 
3521290 
645000 
8864835 
8514781 
5258236 
1282063 
4965184 
9389014 
226170 
1849533 
1632527 
4704588 
1849624 
7145377 
46148 
6970595 
1855324 
9798120 
4150674 
6833772 
9099377 
6994222 
7770449 
2847382 
7394435 
7980406 
2330245 
894796 
916746 
6070884 
1138569 
494972 
5674734 
9031389 
1013956 
5559360 
8800743 
1318680 
7469611 
844198 
1480491 
1131005 
9577734 
4511065 
2428672 
8367406 
8237183 
2233488 
4666260 
2917429 
7892256 
5032225 
744794 
6593812 
1489683 
143074 
3479400 
5858866 
7325648 
3996487 
516622 
5751604 
5308608 
7124406 
1840859 
9401976 
6131416 
8367013 
8052229 
4300264 
169476 
7470361 
546747 
3712855 
8705027 
3466261 
3364460 
8220748 
3700501 
795475 
4755669 
5614832 
7328703 
1030480 
4147729 
9313327 
4333659 
8451753 
4950732 
4542718 
1535568 
8110253 
5083203 
3752793 
9952146 
7500182 
3779378 
1582722 
3155331 
2921363 
2461552 
8924969 
4191375 
771996 
7785375 
167915 
8038705 
3850379 
7130305 
3393079 
5054365 
5573031 
8125955 
8273760 
2885612 
5079522 
6533727 
6300875 
4702851 
115377 
8884715 
8176077 
4455671 
2602576 
6446743 
2976030 
570824 
9664157 
2436899 
8316560 
3672060 
9999611 
5835185 
9699834 
5819225 
5515985 
9046213 
4963932 
2187532 
7604896 
5647546 
4946594 
8422990 
5897076 
5498157 
8481235 
9208202 
9996167 
6246507 
6772467 
6979777 
9134614 
8917947 
173190 
1015677 
7403422 
5119505 
9148265 
4144042 
4920412 
6841755 
3822210 
8120285 
5245792 
6725024 
6259276 
692165 
9981298 
7223251 
8635805 
879777 
6325989 
8892087 
9368144 
4087408 
4271928 
2052297 
6875238 
6104589 
8967792 
6642451 
6225914 
576171 
2157800 
1086376 
884160 
631410 
1681764 
3711828 
3966751 
1816817 
2175457 
1953248 
6414069 
1526079 
3319856 
1308142 
6595490 
3514325 
857207 
527199 
4176465 
3800233 
2122886 
4567505 
5745864 
2884779 
2338884 
8041510 
8815151 
2359329 
6487651 
2687237 
3430189 
7224372 
4432968 
3844457 
8408113 
7543230 
844227 
1346587 
977296 
3487044 
7170163 
2075696 
9238337 
3750851 
437978 
1252251 
5784164 
5754167 
5632263 
4473872 
8015662 
4169683 
3575758 
2688544 
126448 
3564142 
7825596 
4174175 
416452 
2140766 
1606487 
8246084 
3939509 
2234946 
6382440 
1832351 
6922761 
7958255 
3926237 
6438981 
1056147 
9376330 
9338860 
795050 
9218107 
6897218 
7340681 
7605672 
8133789 
2577223 
1867609 
3650039 
504129 
8663613 
7290983 
4145026 
3332261 
2254534 
3233258 
8940958 
7444550 
1721645 
3948190 
1089067 
6406977 
8427449 
4190100 
4143701 
234019 
9617575 
7456417 
3877914 
7793781 
9260158 
4247473 
3615501 
4075467 
3097755 
8695207 
4763814 
8639997 
583937 
5796678 
9114976 
7557840 
2725179 
3080222 
9252001 
6802713 
9079429 
1604493 
5441222 
8078052 
2855326 
8815018 
4820094 
6458454 
950696 
5074654 
2858016 
1127418 
6585167 
8670319 
515344 
8219134 
6928302 
2308700 
2264579 
2463066 
6005294 
7611397 
9995362 
801625 
8598556 
4914341 
6041208 
395532 
6107091 
862345 
8450674 
6599627 
6145312 
6762409 
1527350 
2921071 
1230643 
4442824 
9778280 
8960650 
1196116 
7723636 
7356921 
3090833 
5049239 
9131457 
6994825 
5451145 
1503533 
6995430 
2336672 
1386662 
2116135 
5687188 
8221368 
7332826 
6886227 
1567683 
2592670 
9679918 
3913065 
9295744 
7557943 
2400937 
6194969 
4158894 
9967279 
8413863 
1244870 
2125012 
5110415 
5627915 
9216238 
680706 
9685012 
3166749 
5734530 
2316074 
2574002 
7507687 
3845100 
8833382 
7876872 
883731 
4368666 
9340365 
3216905 
9040342 
5208753 
840193 
2995194 
2440278 
718355 
8080559 
6648433 
4305435 
3555835 
3301852 
2376180 
5235058 
7748707 
5867975 
5505770 
6167279 
948476 
1482538 
5915438 
9834854 
7432604 
8653 
9170439 
798493 
9008028 
2680810 
9622747 
7080961 
8955540 
7573653 
6307439 
4892459 
5193047 
9233678 
6993633 
3159842 
7771640 
9723698 
1002185 
4761531 
4510488 
4743559 
2952246 
4700777 
5923658 
3306127 
5943830 
911338 
8134047 
776614 
6475823 
358496 
6473401 
9513907 
8512977 
586014 
4891601 
6778885 
8322887 
1473254 
1103826 
6230486 
2864859 
4354306 
5440480 
265438 
8083631 
71944 
9496464 
2209146 
8087946 
5513855 
4593091 
3163645 
4765582 
7606548 
9339698 
558771 
1277512 
1018932 
5490424 
4582168 
1020539 
3902313 
8086250 
4046790 
5179555 
1198414 
4009275 
9048239 
5280301 
6943520 
4870245 
8558345 
9416719 
6288804 
6129437 
6754274 
1754940 
426857 
3568449 
3976905 
7269100 
2043054 
3802524 
8333006 
8770278 
3957237 
4114809 
4625993 
3634353 
5479754 
9493267 
109883 
8944206 
8004346 
2233464 
2829568 
3110070 
9239584 
8939693 
685006 
8707415 
5164515 
3357000 
9563632 
4585450 
1521441 
7322730 
2348804 
8868604 
3023465 
5149083 
6391916 
4431743 
8930449 
2031185 
4112926 
318434 
6962772 
5051566 
7189608 
5821416 
416744 
4729726 
3238941 
2683612 
2118256 
3475150 
3168598 
5447394 
7767968 
8378726 
7419596 
5888781 
6061553 
5456590 
5699601 
2809276 
6187300 
8513607 
7182359 
7246101 
9324996 
5513791 
5075124 
1260121 
5537813 
8088693 
5590359 
9245885 
6676405 
7877979 
735694 
362381 
6582447 
6020966 
4295009 
5808661 
4717713 
5325298 
675516 
3120524 
1164529 
5613618 
3490529 
8108519 
1456821 
6154961 
531764 
6779858 
5575655 
303584 
2928269 
7197727 
1293039 
3145910 
9353918 
5288665 
8826561 
5558375 
2042128 
1652126 
4553086 
2475930 
7472957 
7063176 
381937 
5495026 
9784176 
7613447 
9195382 
4470659 
9863060 
4594616 
7847291 
723158 
6815651 
7369214 
4318466 
1698103 
5271763 
3393939 
3285853 
7231014 
6548213 
1279558 
1207882 
3002591 
9466749 
4078261 
1759807 
4943316 
1286899 
4329745 
5245614 
9940798 
4366861 
1468213 
5655901 
861177 
612232 
8696581 
9789629 
1057508 
2076747 
4511060 
1753352 
6650197 
2620824 
8093918 
7297295 
9251860 
6289092 
5449669 
3849846 
659876 
3077533 
279380 
131387 
1736636 
5333224 
8084409 
5825497 
9427897 
7578784 
29263 
9715729 
8195565 
3341517 
2287795 
1613283 
1230719 
8329370 
6499083 
6348186 
6125720 
8882192 
8627457 
4772260 
6359738 
4928527 
6297009 
3977531 
1100461 
5727620 
3050444 
9525079 
6028788 
5633540 
6420529 
7661654 
1179959 
2322440 
1248340 
4087747 
382006 
7581496 
9116997 
1759927 
9168706 
84045 
7874751 
7557524 
3809576 
3811481 
8818854 
2792963 
7518786 
1594354 
381412 
5885937 
4313795 
4210834 
8361096 
1193836 
4374759 
729419 
8001971 
3317058 
7379138 
7080123 
8810602 
5555158 
4922152 
8329928 
8823250 
1325093 
9112219 
7708647 
2754843 
7744113 
3659379 
6201625 
3760627 
1522390 
9562655 
3796366 
9172407 
338933 
3877836 
2310476 
7317068 
7889411 
2799772 
1094819 
2284554 
7415580 
241651 
4181606 
8889501 
6463700 
46531 
7337657 
1597179 
9360154 
2272897 
9062683 
1268209 
9241271 
2261180 
1566839 
2587976 
8732581 
224703 
333030 
2360530 
2295753 
1562216 
2201865 
2928578 
1781809 
9270167 
8269849 
9973322 
657947 
8595945 
224563 
8993852 
7235569 
3511285 
9052242 
6231588 
5868645 
7739265 
9712182 
3828216 
4842550 
6365169 
2660087 
5375943 
9224457 
4747285 
1607559 
1116159 
8632807 
5033143 
7821617 
6862521 
5434202 
4847602 
9990993 
3784982 
6823250 
6324043 
513957 
6226854 
9481854 
7179499 
2207828 
3009873 
6784539 
6017209 
4660158 
2794045 
1258562 
1658281 
5804374 
3070147 
3528726 
1750271 
9259666 
8480665 
9009374 
4211617 
1417606 
8653179 
4541606 
3948206 
431166 
9284009 
6967966 
1953174 
3551435 
9552587 
6583451 
568012 
3104258 
9267552 
4117105 
7759104 
9730458 
4144856 
8626154 
497237 
3612647 
7019704 
1737566 
9617544 
6218767 
789920 
4448351 
1545460 
2314215 
334882 
503289 
9961921 
7659495 
8614660 
692217 
8025570 
6750476 
5313392 
4499736 
3924601 
876685 
1776342 
4075025 
3725134 
2741479 
4138463 
9102902 
5868544 
9799223 
7944967 
6232661 
8572316 
5629323 
6595864 
1320282 
7511452 
124437 
901026 
487540 
1245789 
2749645 
8649586 
1631674 
7374312 
4364885 
3047039 
1950874 
937299 
5051622 
2756843 
6374763 
5724879 
3619177 
8880028 
7692033 
6325452 
9231111 
8740813 
648813 
583506 
8704045 
4942668 
7823915 
2399800 
8135632 
9137920 
2151840 
6775711 
7569230 
1029848 
5649203 
6810458 
5459000 
7184557 
3809934 
7425123 
1370282 
2402026 
3039050 
186325 
8511051 
7172297 
9764412 
5300418 
8838088 
9101707 
6109117 
7714880 
9518669 
4152733 
7398125 
2794540 
9458390 
5120688 
5424927 
3237996 
341759 
5934794 
5229543 
9564578 
770325 
5901938 
3779079 
6515565 
9904217 
3955698 
5383128 
1230424 
8058937 
584761 
620570 
7547332 
1594691 
4073164 
5334792 
763228 
1005065 
4357011 
8307680 
4176251 
4935929 
6468371 
9035205 
2877764 
871168 
6878971 
5855583 
571649 
1071404 
1460329 
9482762 
1669164 
5557958 
4955770 
4204953 
7569241 
3305853 
2754466 
1160387 
1279055 
9038184 
9839684 
6392604 
471180 
3257069 
9580605 
1352323 
6584419 
4898204 
4561350 
9249863 
8496930 
7745428 
8545985 
5890065 
1988056 
8020195 
9169752 
3496561 
3694880 
9153432 
1480492 
5486169 
2443890 
298403 
5914497 
8258377 
5816110 
9500504 
2076178 
4177649 
6665174 
7282693 
4054756 
7118220 
3858340 
6889793 
9895360 
5110148 
6484067 
6695602 
4351541 
4048866 
5652449 
4243123 
2211277 
4131776 
525684 
6442660 
267084 
6369646 
923465 
8955847 
3757891 
6287643 
8852663 
4660405 
8042596 
4642946 
6109471 
8999975 
7179199 
6707757 
6798411 
1769464 
3632814 
5918430 
5634047 
5357456 
3287617 
5031945 
7757538 
3904055 
2756592 
4096418 
3462602 
8556795 
6268773 
5482799 
9264787 
5472908 
5134663 
7737032 
8021382 
4586120 
3736340 
9088550 
5644871 
2004070 
4709174 
3508614 
898508 
3825327 
2283624 
1040912 
6964128 
1987593 
1187404 
1356966 
685818 
2338800 
8084670 
7340971 
6081171 
1761421 
5256980 
616461 
5340202 
850606 
399024 
8975738 
4458954 
3234598 
9589715 
1018401 
5563580 
3820230 
3026021 
5822635 
1778829 
8667244 
8482990 
5737392 
1203767 
7355087 
2568102 
1955652 
3186496 
4297167 
5573928 
7344376 
5659921 
1260104 
5936994 
9543819 
906495 
2545601 
7730305 
91742 
9318841 
2287889 
4766934 
5975196 
5639840 
